OLS Regression Results                            
==============================================================================
Dep. Variable:              arr_delay   R-squared:                       0.682
Model:                            OLS   Adj. R-squared:                  0.680
Method:                 Least Squares   F-statistic:                     313.9
Date:                Sat, 13 Dec 2025   Prob (F-statistic):               0.00
Time:                        16:10:59   Log-Likelihood:            -5.9604e+05
No. Observations:               56634   AIC:                         1.193e+06
Df Residuals:                   56248   BIC:                         1.196e+06
Df Model:                         385                                         
Covariance Type:            nonrobust                                         
=================================================================================
                    coef    std err          t      P>|t|      [0.025      0.975]
---------------------------------------------------------------------------------
const           278.2600    804.113      0.346      0.729   -1297.807    1854.327
carrier_AA     5250.8112    235.962     22.253      0.000    4788.325    5713.298
carrier_AS     -739.6253    272.129     -2.718      0.007   -1273.000    -206.251
carrier_B6     2849.1643    280.192     10.169      0.000    2299.986    3398.342
carrier_C5      138.6587    291.206      0.476      0.634    -432.108     709.425
carrier_DL     2437.8480    226.346     10.770      0.000    1994.209    2881.487
carrier_F9     1509.1792    262.654      5.746      0.000     994.375    2023.983
carrier_G4     -869.8867    246.026     -3.536      0.000   -1352.098    -387.675
carrier_G7      -33.0699    299.607     -0.110      0.912    -620.302     554.163
carrier_HA    -1292.2274    434.199     -2.976      0.003   -2143.259    -441.196
carrier_MQ     -812.0617    228.134     -3.560      0.000   -1259.206    -364.917
carrier_NK     1855.2643    286.386      6.478      0.000    1293.946    2416.582
carrier_OH      472.7157    249.229      1.897      0.058     -15.774     961.206
carrier_OO    -2930.8568    217.820    -13.455      0.000   -3357.786   -2503.928
carrier_PT     -796.8718    285.801     -2.788      0.005   -1357.044    -236.700
carrier_QX     -485.8290    333.003     -1.459      0.145   -1138.518     166.860
carrier_UA     2773.1204    241.021     11.506      0.000    2300.717    3245.524
carrier_WN     7743.1638    245.512     31.539      0.000    7261.958    8224.369
carrier_YV       97.1151    269.230      0.361      0.718    -430.577     624.807
carrier_YX     -100.1719    255.222     -0.392      0.695    -600.409     400.066
carrier_ZW     -115.7957    308.311     -0.376      0.707    -720.087     488.496
airport_ABI     449.9864   1835.904      0.245      0.806   -3148.396    4048.369
airport_ABQ    -541.1018    939.573     -0.576      0.565   -2382.671    1300.467
airport_ABR    1055.8282   1833.566      0.576      0.565   -2537.972    4649.628
airport_ABY     378.4807   1650.788      0.229      0.819   -2857.075    3614.036
airport_ACK   -1789.4294   1517.035     -1.180      0.238   -4762.827    1183.969
airport_ACT    1264.6021   1620.751      0.780      0.435   -1912.080    4441.285
airport_ACV     124.2336   1833.526      0.068      0.946   -3469.489    3717.956
airport_ACY    -386.7124   1844.340     -0.210      0.834   -4001.629    3228.204
airport_ADK     500.5134   1841.984      0.272      0.786   -3109.787    4110.814
airport_ADQ     544.5914   1841.993      0.296      0.767   -3065.725    4154.908
airport_AEX     364.2913   1388.163      0.262      0.793   -2356.516    3085.099
airport_AGS   -1061.8377   1071.123     -0.991      0.322   -3161.246    1037.570
airport_AKN     385.7608   1590.083      0.243      0.808   -2730.813    3502.334
airport_ALB   -1224.5714    908.957     -1.347      0.178   -3006.132     556.989
airport_ALO     209.8005   1711.344      0.123      0.902   -3144.445    3564.046
airport_ALW    1539.7272   1788.977      0.861      0.389   -1966.679    5046.134
airport_AMA   -1495.5710   1101.199     -1.358      0.174   -3653.928     662.786
airport_ANC     -42.7736   1094.570     -0.039      0.969   -2188.137    2102.590
airport_APN    1788.3753   1885.851      0.948      0.343   -1907.904    5484.654
airport_ART   -1325.4602   1731.951     -0.765      0.444   -4720.095    2069.174
airport_ASE   -8377.1803   1834.895     -4.565      0.000    -1.2e+04   -4780.775
airport_ATL    9787.3439    909.577     10.760      0.000    8004.567    1.16e+04
airport_ATW    -720.1937   1059.619     -0.680      0.497   -2797.054    1356.666
airport_AUS    2185.2983    900.387      2.427      0.015     420.534    3950.063
airport_AVL    -771.2403    937.802     -0.822      0.411   -2609.337    1066.857
airport_AVP    -816.7146   1059.910     -0.771      0.441   -2894.144    1260.715
airport_AZA   -2744.0050   1835.250     -1.495      0.135   -6341.106     853.096
airport_AZO    -354.8159   1348.736     -0.263      0.792   -2998.347    2288.715
airport_BDL    -599.6000    905.015     -0.663      0.508   -2373.434    1174.234
airport_BET      62.6913   1586.039      0.040      0.968   -3045.955    3171.337
airport_BFF    2393.4513   1809.273      1.323      0.186   -1152.736    5939.638
airport_BFL    -348.9736   1245.493     -0.280      0.779   -2790.147    2092.200
airport_BGM    -267.7544   1810.270     -0.148      0.882   -3815.894    3280.385
airport_BGR    -544.1834   1026.151     -0.530      0.596   -2555.446    1467.079
airport_BHM    -683.2750    925.679     -0.738      0.460   -2497.612    1131.062
airport_BIH    2748.6920   2047.067      1.343      0.179   -1263.571    6760.955
airport_BIL    -283.5041   1025.706     -0.276      0.782   -2293.895    1726.887
airport_BIS    -363.5495   1127.505     -0.322      0.747   -2573.467    1846.368
airport_BJI    1572.5554   1833.577      0.858      0.391   -2021.267    5166.378
airport_BLI   -1060.0960   1280.028     -0.828      0.408   -3568.959    1448.767
airport_BLV     500.8578   1834.810      0.273      0.785   -3095.382    4097.097
airport_BMI    -363.6423   1084.467     -0.335      0.737   -2489.205    1761.920
airport_BNA    1781.5418    894.507      1.992      0.046      28.303    3534.781
airport_BOI    -945.8687    955.637     -0.990      0.322   -2818.923     927.186
airport_BOS    7579.4145    911.344      8.317      0.000    5793.174    9365.655
airport_BPT    -230.4274   1742.937     -0.132      0.895   -3646.594    3185.740
airport_BQK     440.7802   1635.105      0.270      0.787   -2764.037    3645.597
airport_BQN   -1919.9374   1200.669     -1.599      0.110   -4273.256     433.381
airport_BRD    1812.6575   1833.595      0.989      0.323   -1781.199    5406.514
airport_BRO     457.0703   1165.114      0.392      0.695   -1826.559    2740.700
airport_BRW     374.7470   1483.738      0.253      0.801   -2533.388    3282.882
airport_BTM    2598.4390   1833.624      1.417      0.156    -995.475    6192.353
airport_BTR    -388.0983   1004.154     -0.386      0.699   -2356.245    1580.049
airport_BTV    -945.2886    942.526     -1.003      0.316   -2792.646     902.069
airport_BUF    -701.9709    899.632     -0.780      0.435   -2465.255    1061.313
airport_BUR     -72.7338    969.671     -0.075      0.940   -1973.295    1827.827
airport_BWI    2705.1151    920.575      2.939      0.003     900.783    4509.447
airport_BZN   -1539.9339    956.999     -1.609      0.108   -3415.657     335.789
airport_CAE    -422.1624    961.720     -0.439      0.661   -2307.139    1462.814
airport_CAK     994.6960   1190.819      0.835      0.404   -1339.317    3328.709
airport_CDC    2539.4509   1833.629      1.385      0.166   -1054.473    6133.374
airport_CDV     652.6972   1841.990      0.354      0.723   -2957.614    4263.008
airport_CHA     -10.2276    984.284     -0.010      0.992   -1939.431    1918.976
airport_CHO    -111.3961   1043.572     -0.107      0.915   -2156.803    1934.011
airport_CHS    -526.0622    893.892     -0.589      0.556   -2278.096    1225.972
airport_CID   -1013.0369    935.543     -1.083      0.279   -2846.707     820.633
airport_CIU     540.3329   1833.545      0.295      0.768   -3053.427    4134.093
airport_CKB     516.2183   1834.807      0.281      0.778   -3080.015    4112.451
airport_CLD     839.2017   4120.459      0.204      0.839   -7236.923    8915.326
airport_CLE     -39.5342    888.463     -0.044      0.965   -1780.928    1701.859
airport_CLL     490.9953   1517.055      0.324      0.746   -2482.441    3464.432
airport_CLT    7923.8570    908.029      8.726      0.000    6144.115    9703.599
airport_CMH     -64.8066    893.565     -0.073      0.942   -1816.200    1686.587
airport_CMI    -203.3591   1542.638     -0.132      0.895   -3226.939    2820.221
airport_CMX     457.3555   1833.537      0.249      0.803   -3136.388    4051.099
airport_CNY    2598.6814   2630.799      0.988      0.323   -2557.701    7755.064
airport_COD     499.3993   1706.186      0.293      0.770   -2844.735    3843.534
airport_COS   -1728.3283    999.789     -1.729      0.084   -3687.920     231.264
airport_COU     370.1331   1302.356      0.284      0.776   -2182.493    2922.759
airport_CPR    2215.2656   1517.451      1.460      0.144    -758.948    5189.479
airport_CRP    -932.9683   1089.218     -0.857      0.392   -3067.843    1201.906
airport_CRW    -583.7564   1230.369     -0.474      0.635   -2995.287    1827.774
airport_CSG    -601.4521   1539.150     -0.391      0.696   -3618.195    2415.291
airport_CVG     234.7158    889.901      0.264      0.792   -1509.495    1978.927
airport_CWA   -1327.3560   1336.167     -0.993      0.321   -3946.252    1291.540
airport_CYS     931.8596   1944.376      0.479      0.632   -2879.129    4742.848
airport_DAB   -1998.5323   1240.298     -1.611      0.107   -4429.523     432.459
airport_DAL    1.226e+04   1248.374      9.821      0.000    9813.742    1.47e+04
airport_DAY      53.9604    950.186      0.057      0.955   -1808.409    1916.330
airport_DCA    4518.6807    909.846      4.966      0.000    2735.377    6301.984
airport_DDC    2748.3738   1833.617      1.499      0.134    -845.527    6342.274
airport_DEC    3126.7492   1833.616      1.705      0.088    -467.149    6720.647
airport_DEN    1.183e+04    940.681     12.580      0.000    9990.026    1.37e+04
airport_DFW    4059.1030    936.957      4.332      0.000    2222.661    5895.545
airport_DHN    -264.9438   1723.523     -0.154      0.878   -3643.059    3113.171
airport_DIK    1849.2812   1809.264      1.022      0.307   -1696.888    5395.450
airport_DLG    -157.9174   1664.702     -0.095      0.924   -3420.743    3104.908
airport_DLH    -324.0503   1252.162     -0.259      0.796   -2778.295    2130.194
airport_DRO    -629.2411   1194.256     -0.527      0.598   -2969.991    1711.509
airport_DRT    2719.4049   4588.261      0.593      0.553   -6273.615    1.17e+04
airport_DSM    -790.2955    907.343     -0.871      0.384   -2568.694     988.103
airport_DTW    -182.5619    893.050     -0.204      0.838   -1932.946    1567.822
airport_DVL    2286.6588   1833.602      1.247      0.212   -1307.212    5880.530
airport_EAR    2124.6193   3293.366      0.645      0.519   -4330.399    8579.638
airport_EAT     232.5190   1851.579      0.126      0.900   -3396.587    3861.625
airport_EAU    1035.1217   3507.713      0.295      0.768   -5840.018    7910.262
airport_ECP   -1402.5167    977.342     -1.435      0.151   -3318.112     513.079
airport_EGE   -1487.2429   1207.527     -1.232      0.218   -3854.003     879.517
airport_EKO    1958.0115   1833.605      1.068      0.286   -1635.867    5551.890
airport_ELM     981.4631   1411.457      0.695      0.487   -1785.002    3747.928
airport_ELP    -384.8655    941.175     -0.409      0.683   -2229.574    1459.843
airport_ERI     263.1901   1693.530      0.155      0.876   -3056.139    3582.519
airport_ESC    2031.7978   1833.598      1.108      0.268   -1562.066    5625.662
airport_EUG   -1573.1253   1000.799     -1.572      0.116   -3534.698     388.447
airport_EVV     -23.1151   1081.044     -0.021      0.983   -2141.967    2095.737
airport_EWN    -263.0936   1583.202     -0.166      0.868   -3366.178    2839.991
airport_EWR    7331.6965    928.738      7.894      0.000    5511.365    9152.028
airport_EYW   -1469.4626   1003.732     -1.464      0.143   -3436.783     497.858
airport_FAI    -312.8648   1205.194     -0.260      0.795   -2675.053    2049.323
airport_FAR   -1255.4064   1009.294     -1.244      0.214   -3233.628     722.816
airport_FAT   -1061.1218   1006.285     -1.054      0.292   -3033.446     911.202
airport_FAY    -511.5347   1112.543     -0.460      0.646   -2692.126    1669.057
airport_FCA   -1190.5955   1055.989     -1.127      0.260   -3260.341     879.150
airport_FLG     698.5306   1833.539      0.381      0.703   -2895.217    4292.278
airport_FLL    7508.0741    964.736      7.783      0.000    5617.186    9398.963
airport_FLO     657.1274   1844.198      0.356      0.722   -2957.511    4271.766
airport_FMN    3493.0968   6439.224      0.542      0.587   -9127.822    1.61e+04
airport_FNT     658.8631   1196.374      0.551      0.582   -1686.037    3003.764
airport_FOD    3044.3713   1833.628      1.660      0.097    -549.552    6638.294
airport_FSD   -1126.2436    945.115     -1.192      0.233   -2978.675     726.188
airport_FSM     661.7645   1475.266      0.449      0.654   -2229.766    3553.295
airport_FWA     100.8089   1072.049      0.094      0.925   -2000.413    2202.031
airport_GCC    1800.4788   1833.588      0.982      0.326   -1793.365    5394.322
airport_GCK    1544.7322   1742.592      0.886      0.375   -1870.759    4960.223
airport_GEG   -1307.0167    984.624     -1.327      0.184   -3236.886     622.852
airport_GFK     228.2434   1278.746      0.178      0.858   -2278.106    2734.593
airport_GGG     988.9517   1704.183      0.580      0.562   -2351.258    4329.161
airport_GJT    -345.7051   1099.625     -0.314      0.753   -2500.977    1809.567
airport_GNV    -625.7979   1107.146     -0.565      0.572   -2795.812    1544.216
airport_GPT    -282.4001   1064.304     -0.265      0.791   -2368.442    1803.642
airport_GRB    -493.1398   1010.721     -0.488      0.626   -2474.159    1487.879
airport_GRI     889.5677   1411.457      0.630      0.529   -1876.897    3656.033
airport_GRK     887.4548   1382.169      0.642      0.521   -1821.604    3596.514
airport_GRR    -900.3203    905.977     -0.994      0.320   -2676.040     875.400
airport_GSO    -143.5346    943.520     -0.152      0.879   -1992.840    1705.770
airport_GSP    -835.9823    916.991     -0.912      0.362   -2633.291     961.327
airport_GST     479.2076   3512.132      0.136      0.891   -6404.592    7363.007
airport_GTF      78.9445   1236.611      0.064      0.949   -2344.822    2502.711
airport_GTR      86.5844   1724.143      0.050      0.960   -3292.746    3465.915
airport_GUC    -395.4244   1389.780     -0.285      0.776   -3119.401    2328.553
airport_GUF     916.9696   6439.555      0.142      0.887   -1.17e+04    1.35e+04
airport_GUM   -2910.9301   1837.717     -1.584      0.113   -6512.867     691.007
airport_HDN   -2767.2946   1116.425     -2.479      0.013   -4955.495    -579.094
airport_HGR     572.1213   1834.807      0.312      0.755   -3024.112    4168.354
airport_HHH     235.8358   1476.851      0.160      0.873   -2658.800    3130.472
airport_HIB    2376.7093   1833.616      1.296      0.195   -1217.189    5970.607
airport_HLN    1180.9480   1460.340      0.809      0.419   -1681.327    4043.223
airport_HNL    2838.5299   1045.522      2.715      0.007     789.300    4887.759
airport_HOB     253.0227   1811.133      0.140      0.889   -3296.810    3802.855
airport_HOU    3912.7049   1037.177      3.772      0.000    1879.831    5945.579
airport_HPN     207.8778   1036.455      0.201      0.841   -1823.580    2239.335
airport_HRL   -1186.3753   1066.692     -1.112      0.266   -3277.098     904.347
airport_HSV    -138.6310    966.381     -0.143      0.886   -2032.743    1755.481
airport_HTS     507.6491   1398.898      0.363      0.717   -2234.200    3249.498
airport_HYA   -1766.1619   2399.622     -0.736      0.462   -6469.436    2937.112
airport_HYS    3057.6213   1833.620      1.668      0.095    -536.285    6651.527
airport_IAD    1718.5711    909.427      1.890      0.059     -63.912    3501.054
airport_IAG    -175.6713   1834.808     -0.096      0.924   -3771.906    3420.564
airport_IAH    4896.6098    917.862      5.335      0.000    3097.595    6695.624
airport_ICT   -1061.1590    926.125     -1.146      0.252   -2876.370     754.052
airport_IDA     -34.9687   1185.275     -0.030      0.976   -2358.115    2288.177
airport_ILM    -729.1076    975.390     -0.748      0.455   -2640.877    1182.662
airport_IMT     611.7400   1833.549      0.334      0.739   -2982.028    4205.508
airport_IND     311.5170    893.550      0.349      0.727   -1439.847    2062.881
airport_INL    2116.8122   1833.604      1.154      0.248   -1477.063    5710.687
airport_ISP   -2691.0875   1351.657     -1.991      0.046   -5340.344     -41.831
airport_ITH    -154.4996   1348.240     -0.115      0.909   -2797.059    2488.060
airport_ITO   -2196.2865   1419.452     -1.547      0.122   -4978.422     585.849
airport_JAC   -2589.1120   1110.795     -2.331      0.020   -4766.277    -411.947
airport_JAN   -1162.3550    998.318     -1.164      0.244   -3119.064     794.354
airport_JAX    -309.0097    916.883     -0.337      0.736   -2106.106    1488.087
airport_JFK    1.164e+04    978.951     11.891      0.000    9722.050    1.36e+04
airport_JLN    3801.5321   1833.633      2.073      0.038     207.600    7395.464
airport_JMS    2365.6941   1833.615      1.290      0.197   -1228.203    5959.591
airport_JNU    -165.1658   1533.070     -0.108      0.914   -3169.993    2839.662
airport_JST    1626.7795   1833.557      0.887      0.375   -1967.004    5220.563
airport_KOA   -1650.4302   1045.507     -1.579      0.114   -3699.630     398.769
airport_KTN    1722.5420   1674.462      1.029      0.304   -1559.413    5004.497
airport_LAN      43.7617   1182.584      0.037      0.970   -2274.109    2361.633
airport_LAR    2426.5447   1833.609      1.323      0.186   -1167.341    6020.430
airport_LAS    1.068e+04    926.176     11.535      0.000    8867.836    1.25e+04
airport_LAW     913.9232   1591.494      0.574      0.566   -2205.415    4033.261
airport_LAX    6584.2287    930.263      7.078      0.000    4760.908    8407.549
airport_LBB   -1421.0285   1072.462     -1.325      0.185   -3523.060     681.003
airport_LBE   -1816.6802   1844.299     -0.985      0.325   -5431.517    1798.157
airport_LBF    3086.7865   1833.631      1.683      0.092    -507.141    6680.715
airport_LBL    2774.4545   1833.628      1.513      0.130    -819.467    6368.376
airport_LCH    -446.8019   1337.867     -0.334      0.738   -3069.029    2175.425
airport_LCK    -467.0010   1834.819     -0.255      0.799   -4063.258    3129.256
airport_LEX    -613.9777    955.211     -0.643      0.520   -2486.197    1258.242
airport_LFT     -43.9766   1049.285     -0.042      0.967   -2100.581    2012.628
airport_LGA    4656.1754    931.125      5.001      0.000    2831.165    6481.186
airport_LGB     408.5041   1171.778      0.349      0.727   -1888.188    2705.196
airport_LIH   -1749.3884   1045.507     -1.673      0.094   -3798.589     299.812
airport_LIT    -936.2467    916.579     -1.021      0.307   -2732.747     860.254
airport_LNK    1969.7113   1396.782      1.410      0.158    -767.990    4707.413
airport_LRD     394.8840   1193.928      0.331      0.741   -1945.222    2734.990
airport_LSE    -281.3241   1431.226     -0.197      0.844   -3086.536    2523.888
airport_LWS    1487.2635   1833.579      0.811      0.417   -2106.562    5081.089
airport_LYH   -1079.9640   1844.196     -0.586      0.558   -4694.600    2534.672
airport_MAF   -1057.5009   1060.733     -0.997      0.319   -3136.544    1021.542
airport_MBS    1036.9097   1483.329      0.699      0.485   -1870.425    3944.244
airport_MCI     450.8550    891.112      0.506      0.613   -1295.730    2197.440
airport_MCO    1.619e+04    972.741     16.648      0.000    1.43e+04    1.81e+04
airport_MCW    3063.9146   1833.628      1.671      0.095    -530.007    6657.837
airport_MDT    -864.1938    927.616     -0.932      0.352   -2682.327     953.939
airport_MDW    7260.7466   1080.671      6.719      0.000    5142.625    9378.869
airport_MEI    2645.5870   1833.592      1.443      0.149    -948.265    6239.439
airport_MEM    -650.4441    900.901     -0.722      0.470   -2416.215    1115.327
airport_MFE    -696.7764   1021.462     -0.682      0.495   -2698.849    1305.296
airport_MFR    -303.0786   1144.268     -0.265      0.791   -2545.851    1939.694
airport_MGM    -514.1135   1096.724     -0.469      0.639   -2663.699    1635.472
airport_MGW     -63.8763   3507.702     -0.018      0.985   -6938.995    6811.242
airport_MHK    -614.3284   1497.928     -0.410      0.682   -3550.276    2321.619
airport_MHT   -1321.9351   1039.605     -1.272      0.204   -3359.567     715.697
airport_MIA    6315.9285    949.850      6.649      0.000    4454.216    8177.641
airport_MKE    -661.6919    900.982     -0.734      0.463   -2427.622    1104.238
airport_MLB    -654.7485   1239.284     -0.528      0.597   -3083.752    1774.255
airport_MLI      63.7851   1034.075      0.062      0.951   -1963.008    2090.578
airport_MLU     324.6337   1334.471      0.243      0.808   -2290.938    2940.206
airport_MOB    -483.1305   1020.016     -0.474      0.636   -2482.368    1516.107
airport_MOT    -109.4521   1353.007     -0.081      0.936   -2761.354    2542.450
airport_MQT    -338.5367   1334.500     -0.254      0.800   -2954.165    2277.092
airport_MRY    -136.5693   1121.910     -0.122      0.903   -2335.520    2062.382
airport_MSN    -512.3546    929.706     -0.551      0.582   -2334.584    1309.875
airport_MSO    -901.7678    996.146     -0.905      0.365   -2854.219    1050.684
airport_MSP    -872.1705    895.805     -0.974      0.330   -2627.954     883.613
airport_MSY     492.3147    909.522      0.541      0.588   -1290.354    2274.983
airport_MTJ   -2620.1555   1095.311     -2.392      0.017   -4766.971    -473.340
airport_MVY    -560.0149   1765.279     -0.317      0.751   -4019.972    2899.942
airport_MYR   -1281.0435    925.774     -1.384      0.166   -3095.566     533.479
airport_OAJ    -740.9489   1171.381     -0.633      0.527   -3036.863    1554.965
airport_OAK    2497.2061    986.175      2.532      0.011     564.297    4430.115
airport_OGG    -878.8143   1045.506     -0.841      0.401   -2928.012    1170.383
airport_OKC    -835.1962    922.356     -0.906      0.365   -2643.019     972.626
airport_OMA    -706.9456    913.416     -0.774      0.439   -2497.247    1083.356
airport_OME     302.2741   1464.907      0.206      0.837   -2568.953    3173.501
airport_ONT    -182.3118    950.280     -0.192      0.848   -2044.867    1680.244
airport_ORD    8641.0023    902.730      9.572      0.000    6871.647    1.04e+04
airport_ORF   -1063.6772    895.946     -1.187      0.235   -2819.737     692.383
airport_ORH   -1022.8698   1242.818     -0.823      0.410   -3458.801    1413.061
airport_OTH    2519.6398   1833.626      1.374      0.169   -1074.278    6113.558
airport_OTZ     202.2120   1464.909      0.138      0.890   -2669.019    3073.443
airport_OWB     777.8178   4119.969      0.189      0.850   -7297.347    8852.982
airport_PAE    1808.1008   1430.474      1.264      0.206    -995.637    4611.838
airport_PBG     269.2731   1834.807      0.147      0.883   -3326.960    3865.506
airport_PBI     441.7353    960.268      0.460      0.646   -1440.397    2323.867
airport_PDX    1125.6035    927.502      1.214      0.225    -692.307    2943.514
airport_PGD    1287.4743   1835.264      0.702      0.483   -2309.654    4884.603
airport_PGV    -248.8236   1731.282     -0.144      0.886   -3642.147    3144.500
airport_PHF     -68.5504   1795.550     -0.038      0.970   -3587.839    3450.738
airport_PHL    4949.0759    904.350      5.473      0.000    3176.545    6721.607
airport_PHX    7810.7968    909.883      8.584      0.000    6027.420    9594.174
airport_PIA     204.7118   1066.418      0.192      0.848   -1885.474    2294.898
airport_PIB    2558.8609   1833.606      1.396      0.163   -1035.018    6152.740
airport_PIE     722.0092   1835.636      0.393      0.694   -2875.850    4319.868
airport_PIH    2261.5188   1833.616      1.233      0.217   -1332.380    5855.418
airport_PIT     -28.8541    883.886     -0.033      0.974   -1761.277    1703.569
airport_PLN     660.3128   1833.550      0.360      0.719   -2933.456    4254.082
airport_PNS   -1472.9427    927.050     -1.589      0.112   -3289.967     344.081
airport_PPG     991.4326   1872.763      0.529      0.597   -2679.195    4662.060
airport_PQI   -1967.1834   1813.110     -1.085      0.278   -5520.890    1586.523
airport_PRC    2864.9371   1833.591      1.562      0.118    -728.913    6458.787
airport_PSC    -568.8260   1099.084     -0.518      0.605   -2723.037    1585.385
airport_PSE   -2062.5338   1359.413     -1.517      0.129   -4726.991     601.924
airport_PSG     650.0410   1841.990      0.353      0.724   -2960.270    4260.352
airport_PSM     317.1627   1834.807      0.173      0.863   -3279.070    3913.395
airport_PSP    -941.8736    970.375     -0.971      0.332   -2843.815     960.068
airport_PUB    2736.5968   9071.189      0.302      0.763    -1.5e+04    2.05e+04
airport_PUW     600.5413   1851.578      0.324      0.746   -3028.562    4229.645
airport_PVD    -881.5682    907.628     -0.971      0.331   -2660.525     897.388
airport_PVU    -110.2376   1652.162     -0.067      0.947   -3348.486    3128.011
airport_PWM   -1513.6062    914.526     -1.655      0.098   -3306.083     278.870
airport_RAP    -749.3751   1047.147     -0.716      0.474   -2801.790    1303.040
airport_RDD    2504.4633   1607.764      1.558      0.119    -646.763    5655.690
airport_RDM   -1086.9434   1104.698     -0.984      0.325   -3252.159    1078.272
airport_RDU    1389.1622    902.520      1.539      0.124    -379.782    3158.106
airport_RFD     -14.0533   1834.809     -0.008      0.994   -3610.290    3582.183
airport_RHI    1832.1919   1833.588      0.999      0.318   -1761.651    5426.035
airport_RIC    -577.7224    895.143     -0.645      0.519   -2332.208    1176.763
airport_RIW    2588.7498   1833.614      1.412      0.158   -1005.145    6182.645
airport_RKS    2599.0093   1833.612      1.417      0.156    -994.881    6192.900
airport_RNO    -925.8196    943.287     -0.981      0.326   -2774.669     923.030
airport_ROA    -378.8690    975.946     -0.388      0.698   -2291.729    1533.990
airport_ROC    -938.7681    891.951     -1.052      0.293   -2686.998     809.462
airport_ROW     810.4603   1742.912      0.465      0.642   -2605.659    4226.580
airport_RST     -59.1548   1142.284     -0.052      0.959   -2298.039    2179.729
airport_RSW     346.4287    960.819      0.361      0.718   -1536.783    2229.640
airport_SAF     115.2660   1368.775      0.084      0.933   -2567.541    2798.073
airport_SAN    2990.7382    927.374      3.225      0.001    1173.080    4808.396
airport_SAT     574.8652    935.993      0.614      0.539   -1259.687    2409.417
airport_SAV    -800.5256    904.208     -0.885      0.376   -2572.779     971.728
airport_SBA   -2196.9067   1018.854     -2.156      0.031   -4193.867    -199.946
airport_SBN    -940.3306   1100.977     -0.854      0.393   -3098.252    1217.590
airport_SBP    -952.7930   1125.287     -0.847      0.397   -3158.362    1252.776
airport_SBY    -595.5338   1844.192     -0.323      0.747   -4210.162    3019.095
airport_SCC    -431.7795   1817.436     -0.238      0.812   -3993.966    3130.407
airport_SCE     318.1128   1109.766      0.287      0.774   -1857.036    2493.262
airport_SCK     694.5725   1834.807      0.379      0.705   -2901.660    4290.805
airport_SDF    -511.6480    900.909     -0.568      0.570   -2277.436    1254.140
airport_SEA    3115.6131    932.640      3.341      0.001    1287.633    4943.593
airport_SFB    4652.6277   1835.794      2.534      0.011    1054.460    8250.796
airport_SFO    8972.0688    950.996      9.434      0.000    7108.111    1.08e+04
airport_SGF      39.7683    979.578      0.041      0.968   -1880.211    1959.748
airport_SGU    1712.8069   1833.543      0.934      0.350   -1880.949    5306.563
airport_SHR    2823.1955   1833.618      1.540      0.124    -770.706    6417.097
airport_SHV    -376.2644   1033.251     -0.364      0.716   -2401.443    1648.914
airport_SIT     993.2712   1674.465      0.593      0.553   -2288.690    4275.232
airport_SJC     874.2742    946.182      0.924      0.355    -980.249    2728.797
airport_SJT    1063.8942   1495.341      0.711      0.477   -1866.984    3994.773
airport_SJU    1107.2467   1008.349      1.098      0.272    -869.123    3083.616
airport_SLC    -483.0168    935.434     -0.516      0.606   -2316.474    1350.440
airport_SLN    2237.0265   1833.579      1.220      0.222   -1356.800    5830.853
airport_SMF     945.1907    930.594      1.016      0.310    -878.779    2769.160
airport_SMX     380.3914   1834.807      0.207      0.836   -3215.842    3976.624
airport_SNA      53.9747    950.901      0.057      0.955   -1809.798    1917.747
airport_SPI     477.6120   1375.802      0.347      0.728   -2218.969    3174.193
airport_SPN   -2930.8047   1837.721     -1.595      0.111   -6532.749     671.140
airport_SPS    1510.3613   1785.936      0.846      0.398   -1990.084    5010.807
airport_SRQ   -1307.5024    947.562     -1.380      0.168   -3164.730     549.725
airport_STC     566.4826   1977.581      0.286      0.775   -3309.588    4442.553
airport_STL    1115.4277    901.478      1.237      0.216    -651.475    2882.331
airport_STS     548.0719   1142.526      0.480      0.631   -1691.286    2787.430
airport_STT   -2844.6133   1066.479     -2.667      0.008   -4934.919    -754.308
airport_STX   -3419.4054   1220.595     -2.801      0.005   -5811.780   -1027.031
airport_SUN     656.2910   1418.344      0.463      0.644   -2123.671    3436.253
airport_SUX    2549.4465   1833.595      1.390      0.164   -1044.411    6143.304
airport_SWF    -106.6918   1686.876     -0.063      0.950   -3412.979    3199.595
airport_SWO    1036.7598   1785.747      0.581      0.562   -2463.316    4536.835
airport_SYR    -851.6765    896.622     -0.950      0.342   -2609.061     905.708
airport_TLH    -494.7689   1059.917     -0.467      0.641   -2572.212    1582.674
airport_TOL     255.3589   1834.807      0.139      0.889   -3340.874    3851.592
airport_TPA    4668.5549    954.988      4.889      0.000    2796.772    6540.338
airport_TRI     150.0906   1057.454      0.142      0.887   -1922.526    2222.707
airport_TTN     297.4244   1840.814      0.162      0.872   -3310.582    3905.431
airport_TUL    -825.7159    922.586     -0.895      0.371   -2633.991     982.559
airport_TUS   -1075.9603    984.705     -1.093      0.275   -3005.989     854.068
airport_TVC    -530.5299    951.539     -0.558      0.577   -2395.551    1334.492
airport_TWF    2135.5819   1833.613      1.165      0.244   -1458.311    5729.475
airport_TXK    1302.1692   1722.811      0.756      0.450   -2074.550    4678.889
airport_TYR     798.7589   1723.318      0.464      0.643   -2578.955    4176.473
airport_TYS    -415.2670    917.799     -0.452      0.651   -2214.159    1383.625
airport_USA     182.1805   1834.811      0.099      0.921   -3414.060    3778.421
airport_VCT    1886.9231   1833.578      1.029      0.303   -1706.902    5480.748
airport_VEL    2300.2477   2630.785      0.874      0.382   -2856.107    7456.602
airport_VLD    -967.9088   1787.420     -0.542      0.588   -4471.263    2535.445
airport_VPS   -2274.8754   1022.061     -2.226      0.026   -4278.121    -271.630
airport_WRG     769.7609   1841.987      0.418      0.676   -2840.545    4380.067
airport_WYS    2585.0972   2544.112      1.016      0.310   -2401.378    7571.572
airport_XNA    -878.7917    926.492     -0.949      0.343   -2694.721     937.138
airport_XWA     895.8320   1833.531      0.489      0.625   -2697.901    4489.565
airport_YAK     560.3436   1841.991      0.304      0.761   -3049.970    4170.657
airport_YKM     245.9470   1851.578      0.133      0.894   -3383.158    3875.052
airport_YUM    1319.7978   1420.633      0.929      0.353   -1464.652    4104.248
weather_delay    10.0730      0.036    278.895      0.000      10.002      10.144
==============================================================================
Omnibus:                    80860.576   Durbin-Watson:                   1.942
Prob(Omnibus):                  0.000   Jarque-Bera (JB):        245314573.856
Skew:                           7.656   Prob(JB):                         0.00
Kurtosis:                     325.061   Cond. No.                     4.80e+05
==============================================================================

Notes:
[1] Standard Errors assume that the covariance matrix of the errors is correctly specified.
[2] The condition number is large, 4.8e+05. This might indicate that there are
strong multicollinearity or other numerical problems.